250
0.223118073 0.216796221
0.447559243 0.492616588
0.569365015 0.473787422
0.47491852 0.033659254
0.954041058 0.958502317
0.153917063 0.261083358
0.189740661 0.360775382
0.622579906 0.166868498
0.084021528 0.589844331
0.961302763 0.209318428
0.778126824 0.496823585
0.792417083 0.944928959
0.439716203 0.504584173
0.828120161 0.89745551
0.736786349 0.244391959
0.84150008 0.959904422
0.46118818 0.289059323
0.45252101 0.030553195
0.762846745 0.92743953
0.064212449 0.716887803
0.885941847 0.218129512
0.977971161 0.075682508
0.578904894 0.600551067
0.242551006 0.662926422
0.190395398 0.203853769
0.872244851 0.968522222
0.700677354 0.664661934
0.913451181 0.140393557
0.169246106 0.741571342
0.037849066 0.906032456
0.985963301 0.879349147
0.865936878 0.447151481
0.16840847 0.318457888
0.477704677 0.931255215
0.245897418 0.541917126
0.648143018 0.131839266
0.760046639 0.626114178
0.207521773 0.338951533
0.226665245 0.45007278
0.001877956 0.417060643
0.653926549 0.874122806
0.385582865 0.354603903
0.53878474 0.299034046
0.494997459 0.708030847
0.040605389 0.532846526
0.614063303 0.02656869
0.412195673 0.480000181
0.473720171 0.580604143
0.798458069 0.951424848
0.511859358 0.044355487
0.493341974 0.160002375
0.176194753 0.253388613
0.786116554 0.383716526
0.592340146 0.0127818
0.833789306 0.594218102
0.429842443 0.487715855
0.468340909 0.815425308
0.842319758 0.007125649
0.114459355 0.337317217
0.715156497 0.155064743
0.870163743 0.329219799
0.181633433 0.282359416
0.80921998 0.655353605
0.862963559 0.607678049
0.606778453 0.374822917
0.652033536 0.100120427
0.534825293 0.828228288
0.353509041 0.320941847
0.211944814 0.945849187
0.333723647 0.045734121
0.540067289 0.763566091
0.533449975 0.008408198
0.578991399 0.375769733
0.015533847 0.693450755
0.713086951 0.730690344
0.848515498 0.583250694
0.059910143 0.030148932
0.865610111 0.869130123
0.685502537 0.72857367
0.476808172 0.292280989
0.103396587 0.128841707
0.392401417 0.63822188
0.957069996 0.745910457
0.959163727 0.169014811
0.691759644 0.292887374
0.214748931 0.231826934
0.056453465 0.748198906
0.240235132 0.635444865
0.12396864 0.255768979
0.328895619 0.837055591
0.986459323 0.177411117
0.420306285 0.046369466
0.207560049 0.285916395
0.915499589 0.893062585
0.014490066 0.392307762
0.185343575 0.117886653
0.521149469 0.577744992
0.756108533 0.478219465
0.323655449 0.71527226
0.647234276 0.015415093
0.008159634 0.861983207
0.247242027 0.0646131
0.610182113 0.487477159
0.700057964 0.734150754
0.743246138 0.028953583
0.571206345 0.729705461
0.206364701 0.99151263
0.776074928 0.41392475
0.277429026 0.691574517
0.306987335 0.291919091
0.083882279 0.492330911
0.409805744 0.605031748
0.070075903 0.165914277
0.083251214 0.393731352
0.881186537 0.73048549
0.409146446 0.889346171
0.592468697 0.656388473
0.95395927 0.20265081
0.143865632 0.654017235
0.936801564 0.88711177
0.682970818 0.508007909
0.616817231 0.889335519
0.499520539 0.392892159
0.303260269 0.776949564
0.084466676 0.610247605
0.068868656 0.168348955
0.102578516 0.4786744
0.773380704 0.172654418
0.644588676 0.856631917
0.566385771 0.525775213
0.587117407 0.975532216
0.415121383 0.179586104
0.631920689 0.369080654
0.382236914 0.775786321
0.023097889 0.319038478
0.662898091 0.706068708
0.827046387 0.279715322
0.595404227 0.326566926
0.672607481 0.898664496
0.10351649 0.757074158
0.5089121 0.172385146
0.925423114 0.611490616
0.651059546 0.698803817
0.784145035 0.295648222
0.555435735 0.350530806
0.821423435 0.142553142
0.326063022 0.236544819
0.322139245 0.957983711
0.605625473 0.704376159
0.733770033 0.628723362
0.023414637 0.396668124
0.33479207 0.850461025
0.676383447 0.930196296
0.177027951 0.348990928
0.828860792 0.280544441
0.106065087 0.337772893
0.452929587 0.0314882
0.949263509 0.103989133
0.730292018 0.733408544
0.399637355 0.285727752
0.08393935 0.22106079
0.428280894 0.410002372
0.457605609 0.75042014
0.367986083 0.063231082
0.454796299 0.101756116
0.691954444 0.478210937
0.49842424 0.026746514
0.328671962 0.174807687
0.95694281 0.505699913
0.523798616 0.785803603
0.786244354 0.629863703
0.123576496 0.239173941
0.661351903 0.072840006
0.343163074 0.391643921
0.80624855 0.742800429
0.677371674 0.8901879
0.96386122 0.105652568
0.300190272 0.421466828
0.856072708 0.668176356
0.48469791 0.310869007
0.769932472 0.176652354
0.789079944 0.268356713
0.203398868 0.117751906
0.4431644 0.160341678
0.623451819 0.966963016
0.946145281 0.409696172
0.596826719 0.069721777
0.648870113 0.258178622
0.142561783 0.992033188
0.649822544 0.948810333
0.734833617 0.327194218
0.838998234 0.698694837
0.432846786 0.139188506
0.120161665 0.288919494
0.807364862 0.604859575
0.599788501 0.577297334
0.781511929 0.388868446
0.845654047 0.984910797
0.506620352 0.288818447
0.145252475 0.13007217
0.255781463 0.091397756
0.539768343 0.852608183
0.161119534 0.188638456
0.110786805 0.303681317
0.180671644 0.760609349
0.252491651 0.915505261
0.087803567 0.091489885
0.614200098 0.520650353
0.230678391 0.734361763
0.809569846 0.038043253
0.339221338 0.409358348
0.615340587 0.120733268
0.798226793 0.460994633
0.105644064 0.304847145
0.749813081 0.25089654
0.434919315 0.005594544
0.342294296 0.974687658
0.858202727 0.503413829
0.163326114 0.968989533
0.807095146 0.343997759
0.729598882 0.059586797
0.25950302 0.817402449
0.151076681 0.873703118
0.338052802 0.381755072
0.608064882 0.147622649
0.419798325 0.94728622
0.556980996 0.035138912
0.068019488 0.35520779
0.496133545 0.173663552
0.660054935 0.245946626
0.424560092 0.09497425
0.25154117 0.766854388
0.069661908 0.109743898
0.270268217 0.232988023
0.078733431 0.077363363
0.576985782 0.808332313
0.136950161 0.836488802
0.625734762 0.288026842
0.71019192 0.963787565
0.669781915 0.318256802
0.111410214 0.08958024
0.265543023 0.66839121
0.124719152 0.333562511
0.023599 0.620852697
0.507226063 0.683653935
0.866799323 0.931786155
0.778628185 0.118340494
0.698640543 0.848290094
0.228084391 0.96890876
0.081278117 0.306817822
