25
0.647234276 0.015415093
0.008159634 0.861983207
0.247242027 0.0646131
0.610182113 0.487477159
0.700057964 0.734150754
0.743246138 0.028953583
0.571206345 0.729705461
0.206364701 0.99151263
0.776074928 0.41392475
0.277429026 0.691574517
0.306987335 0.291919091
0.083882279 0.492330911
0.409805744 0.605031748
0.070075903 0.165914277
0.083251214 0.393731352
0.881186537 0.73048549
0.409146446 0.889346171
0.592468697 0.656388473
0.95395927 0.20265081
0.143865632 0.654017235
0.936801564 0.88711177
0.682970818 0.508007909
0.616817231 0.889335519
0.499520539 0.392892159
0.303260269 0.776949564
